17120199
18424454
20944127
21287651
21902503
22015057
22110582
22120734
21705081
22176633
21806386
15197162
16103896
16999857
17146660
17548681
17674045
18213362
18442890
18518969
18698231
18725235
18784455
18812236
18854777
19155191
19667110
19694740
19740399
20170205
20214406
20354687
20389299
20533057
21102498
21172166
21185600
21468756
21544031
21553324
21827404
21840870
21896346
22112610
22134106
22136368
22306099
22672924
23188198
23279665
23546964
23093106
23556446
23372834
23917080
24469730
23133420
23133441
23443032
23733030
24918524
25355168
25520092
26325438
26189305
26457621
27296832
27600024
28608314
28792718
29491071
30213564
30996113
31391850
32295184
