17540666
18309176
18424448
19298602
19321582
19386276
19473078
19082882
19386104
19032032
19608186
19630952
19673915
20046055
20095908
20383761
20172949
20586553
20674091
20429621
21445546
21528353
22051074
22009847
22511967
15217512
15523071
16179580
16203927
16504171
16551651
16949384
16949387
16949390
16949392
16949394
17105837
17268813
17405848
17409042
17903296
18053221
18159244
18271972
18285546
18305958
18350145
18385916
18408366
18445666
18450649
18579753
18592033
18603647
18619437
18728166
18787887
18805939
18990228
19080622
19126777
19194457
19200973
19219042
19319135
19375130
19438492
19578917
19654868
19760036
19793653
19884274
19927160
19934104
20015871
20080857
20237151
20417295
20732949
20846920
20961965
21106711
21262040
21300759
21570196
21762042
21804148
21837769
22011627
22228197
22311020
22324545
22328322
22995348
23098495
23450473
23471591
23491264
23686919
24427778
24430361
24482673
23245353
22633539
22807154
22901010
23072920
23352976
24772998
25014269
25128001
25428437
24150894
25782960
26434778
26550281
27825388
28707126
30113520
30537990
31270553
32682401
